world: fdb46cbd-ebee-499e-b5db-13cb28dc7d05
world-name: amity
x: 0.48704340664176315
y: 138.0
z: 1.579107297813685
yaw: 4.2000732421875
pitch: 0.14998580515384674
name: arena
lastowner: 7f94479b-0c13-375d-900c-8ce4d1066788
